293
89
213
217
160
310
14
330
153
26
177
306
265
210
327
298
45
145
239
339
58
260
222
254
50
284
25
205
46
123
47
307
253
27
288
315
173
221
77
44
209
113
33
275
316
115
344
10
208
229
197
29
61
263
158
117
91
140
227
303
219
147
171
163
346
156
172
262
329
143
112
11
133
54
290
281
305
127
338
78
66
215
207
276
108
81
20
234
64
95
309
258
131
23
238
68
325
347
2
79
195
19
335
48
191
308
311
51
174
130
28
226
85
1
268
231
114
157
300
237
277
110
121
122
189
111
13
312
74
345
105
62
56
129
248
0
194
148
149
41
83
184
76
320
59
6
52
181
326
271
216
12
72
71
87
92
162
137
249
228
302
24
182
42
294
256
178
124
159
37
75
136
21
242
180
295
40
138
67
169
266
165
97
8
96
152
3
283
49
55
287
135
220
102
341
336
279
199
94
200
134
101
285
323
245
247
186
39
125
128
18
116
88
255
317
36
168
69
176
63
175
297
250
304
318
70
103
7
193
100
98
261
167
322
328
331
179
223
343
38
150
204
187
139
188
259
270
118
192
246
333
198
15
272
53
269
86
104
151
340
211
225
32
155
291
252
99
34
119
289
299
230
319
212
106
161
183
107
30
206
82
240
190
57
22
65
60
337
146
251
282
244
264
218
141
280
31
126
73
278
90
43
321
84
4
203
120
342
257
196
164
232
80
93
314
273
5
202
9
236
166
324
224
332
185
267
132
35
16
274
313
17
292
233
296
334
301
142
241
214
286
235
109
154
144
170
201
243
