182
249
137
162
92
12
216
72
71
87
220
102
0
194
248
129
56
105
62
345
74
312
13
111
148
149
41
83
189
122
121
110
184
277
237
300
48
157
114
76
231
268
1
85
320
59
6
52
181
326
271
316
115
344
10
208
229
197
29
61
263
158
117
91
140
329
227
303
219
147
171
28
226
130
174
51
311
308
191
335
19
195
79
2
347
325
68
39
186
247
245
323
285
101
134
200
94
199
336
341
135
287
55
279
167
261
328
7
103
70
193
98
100
318
304
250
297
175
168
69
176
63
223
343
179
331
322
38
150
204
187
139
188
259
270
192
246
333
198
15
272
118
53
269
36
317
128
125
238
23
131
258
20
234
64
95
309
163
346
156
262
172
78
66
338
11
133
243
201
293
89
170
144
154
109
217
160
80
93
314
273
5
9
202
324
166
224
332
264
185
337
60
16
267
132
35
296
292
233
334
301
142
235
286
214
241
290
281
305
54
127
215
207
276
108
81
17
313
274
212
319
230
299
119
34
289
116
18
88
255
252
99
291
340
86
104
151
211
225
155
32
240
190
82
107
183
106
161
30
206
57
22
65
146
251
282
244
218
126
141
280
31
278
321
43
90
73
236
84
4
203
342
120
232
164
196
257
153
26
177
306
210
327
298
265
330
310
14
213
45
145
239
112
143
339
58
260
222
254
284
50
25
205
27
253
46
123
47
307
288
315
173
221
77
44
209
113
33
275
21
136
242
180
75
37
159
295
40
138
67
169
124
178
266
256
294
165
97
8
96
152
3
283
49
228
302
24
42
