181
52
6
59
171
346
163
207
215
338
127
305
281
290
142
235
286
214
241
54
133
11
78
66
156
172
262
219
147
303
227
329
143
140
91
117
158
263
61
29
197
229
173
77
221
315
288
307
47
123
46
253
27
205
25
284
50
254
222
260
58
339
112
239
145
293
243
201
89
170
144
154
217
109
301
334
233
292
296
35
132
332
224
166
324
202
9
5
164
232
273
314
93
80
160
310
14
213
45
298
327
210
265
330
306
177
26
153
257
196
120
342
203
4
84
236
73
90
43
321
278
31
280
141
126
218
264
185
282
244
251
146
22
190
240
32
155
225
211
291
99
252
34
119
289
116
18
319
212
106
299
230
107
183
161
30
206
82
57
65
60
337
267
16
274
313
17
81
108
276
64
234
20
95
309
258
131
28
130
226
85
320
1
268
311
308
174
51
23
238
68
325
347
2
312
74
345
105
62
247
186
36
317
39
125
128
88
255
86
340
151
104
269
53
272
15
198
333
246
192
118
270
259
188
139
187
204
150
322
328
331
38
343
179
223
63
176
69
168
175
297
250
103
7
70
304
318
245
323
56
13
111
189
79
195
19
335
191
48
300
237
277
157
114
231
76
184
110
121
122
83
41
149
148
129
248
194
216
12
92
72
71
87
220
102
0
285
101
134
200
94
100
193
98
261
167
279
199
336
341
55
287
135
49
283
3
152
96
8
97
165
294
24
302
228
137
162
249
182
42
256
266
138
40
67
169
178
124
159
295
180
242
136
75
37
21
275
33
113
209
44
208
10
344
115
316
271
326
