276
108
81
215
207
163
346
171
219
147
85
320
59
6
52
41
149
148
129
248
0
194
216
12
92
71
72
87
49
283
3
152
96
165
8
97
266
67
138
40
295
159
75
180
242
136
37
124
169
178
256
294
42
182
24
302
228
249
137
162
271
326
181
91
140
117
158
263
61
208
10
344
115
316
21
275
33
113
209
44
229
29
197
173
77
221
315
288
27
253
307
47
123
46
205
25
284
50
254
222
260
58
143
329
227
303
262
172
156
66
78
338
127
54
305
281
290
17
313
274
212
16
267
132
35
296
292
233
334
301
142
235
286
214
241
154
109
217
160
310
144
170
243
201
133
11
112
239
339
145
293
89
213
14
45
298
327
210
265
330
306
177
26
153
257
196
164
232
80
93
314
273
202
9
5
120
342
203
4
84
236
126
73
90
43
321
278
31
280
141
218
166
324
224
332
264
244
282
251
146
185
337
60
65
22
190
57
206
30
161
106
319
183
107
82
240
32
155
225
211
151
104
198
246
333
15
272
53
118
192
270
259
188
139
187
204
150
38
322
167
261
98
328
331
179
343
223
63
175
297
250
304
318
70
103
7
193
100
94
199
279
55
336
341
287
135
220
102
200
134
101
285
323
245
247
105
62
345
56
74
312
13
111
189
122
121
110
184
83
76
231
114
268
1
226
130
174
51
311
308
191
48
157
277
237
300
335
19
195
79
2
347
325
68
186
39
317
36
168
69
176
269
86
340
291
252
99
34
119
230
299
289
116
18
88
255
128
125
238
23
28
131
258
309
95
20
234
64
